CHI
0.3489655172413793
82
0.4323044009779951
0.7789473684210526
11.378048780487806
32.573170731707314
43.951219512195124
22.573170731707318
13.951219512195122
7.219512195121951
5.134146341463414
18.975609756097562
93.65853658536585
PHI
0.3123644251626898
82
0.43461807988787665
0.7112970711297071
11.536585365853659
31.036585365853657
42.573170731707314
21.79268292682927
16.365853658536587
9.329268292682928
4.024390243902439
22.414634146341463
99.45121951219512
BOS
0.3325621746674378
82
0.435275315995932
0.7766705744431418
11.951219512195122
30.548780487804876
42.5
21.048780487804876
14.414634146341463
7.121951219512195
4.182926829268292
21.25609756097561
96.2439024390244
CLE
0.35556915544675644
82
0.436211618855413
0.7513484358144552
12.048780487804878
32.01219512195122
44.0609756097561
21.170731707317074
13.475609756097562
7.036585365853658
3.6951219512195124
19.951219512195124
98.21951219512195
MIL
0.35309278350515466
82
0.43840095110714816
0.7475516866158868
11.829268292682928
29.25609756097561
41.08536585365854
21.451219512195124
14.292682926829269
6.585365853658536
4.914634146341464
20.841463414634145
95.47560975609755
